<?xml version="1.0"?>
<opencv_storage>
<IntrinsicParam type_id="opencv-matrix">
  <rows>3</rows>
  <cols>3</cols>
  <dt>d</dt>
  <data>
    1.8963566166923204e+03 0. 1.9339903382737066e+03 0.
    1.8993707918671678e+03 1.1092589765246169e+03 0. 0. 1.</data></IntrinsicParam>
<DistCoeffs type_id="opencv-matrix">
  <rows>1</rows>
  <cols>5</cols>
  <dt>d</dt>
  <data>
    -4.5041144588653909e-02 3.0709901931065722e-02
    3.3432117069305506e-03 4.4505996173825136e-03
    -2.5559808060807588e-02</data></DistCoeffs>
</opencv_storage>
